1	0.032967	nan	0.0368421	nan	0.0527276	0.00833333	0.0601504	0.47619	0.00206612	0.0175	0.00226757	nan	0.0198413	0.0025	0.0678988	0.00224495	0.215909	0.051797	0.051797	0.0418118	0.00596125	nan	0.112979	0.092296	nan	0.0374332	0.0222222	0.00206612	nan	0.0242424	0.0242424	0.00681818	0.0367722	0.0178571	0.126984
0.032967	1	nan	0.0033532	0.244839	0.00496557	0.144385	0.0198864	0.0692308	0.032967	0.000693963	0.0375	nan	0.109375	0.0210938	0.0373463	0.00658602	0.0451389	0.0119446	0.0119446	0.0077097	0.00066313	0.079438	0.0279002	0.0398551	0.0385542	0.146518	0.210938	0.032967	0.0204082	0.144402	0.144402	0.22807	0.0338884	0.150521	0.131836
nan	nan	nan	nan	nan	nan	nan	nan	nan	nan	nan	nan	nan	nan	nan	nan	nan	nan	nan	nan	nan	nan	nan	nan	nan	nan	nan	nan	nan	nan	nan	nan	nan	nan	nan	nan
0.0368421	0.0033532	nan	1	0.0805332	0.0499554	0.124004	0.00094697	0.0892532	0.0324074	0.0360963	0.0422778	nan	0.0332005	0.144144	0.184747	0.0904018	0.0557485	0.0169082	0.0169082	0.00414973	0.0346025	0.378203	0.258092	0.258373	0.484442	0.118563	0.222426	0.0324074	0.00520833	0.229291	0.229291	0.0350877	0	0.00147059	0.0124902
nan	0.244839	nan	0.0805332	1	0.369901	0.00032144	0.104502	nan	0.147368	0.0620662	0.0368421	nan	0.258511	0.0102747	0.0821684	0.0222727	0.276316	0.0807498	0.0807498	0.0340842	0.0267943	0.0277859	0.0208333	0.0277859	0.00910747	0.00688776	0.000180148	0.147368	0.0990637	0.00177126	0.00177126	0.122807	0.0994737	0.00078064	0.136612
0.0527276	0.00496557	nan	0.0499554	0.369901	1	0.0896359	0.0477594	0.128903	0.0527276	0.147465	0.00338983	nan	0.0377857	0.0720878	0.142664	0.0126046	0.112601	2.37976e-05	2.37976e-05	0.000111508	0.019025	0.005253	0.000898473	0.000182927	0.139277	0.00228185	0.129032	0.0527276	0.180723	0.1315	0.1315	0.015124	0.137676	0.0403226	0.0375
0.00833333	0.144385	nan	0.124004	0.00032144	0.0896359	1	0.0816667	0.00928793	0.3	0.0753074	0.00833333	nan	0.0769231	0.00928793	0.0753074	0.114695	0.0220588	0.16	0.16	0.12605	0.0242424	0.184906	0.184906	0.142361	0.265562	0.00036075	0.077785	0.3	0.00496032	0.0576923	0.0576923	0.0493827	0.00986842	0.411765	0.000933707
0.0601504	0.0198864	nan	0.00094697	0.104502	0.0477594	0.0816667	1	0.126984	0.135338	0.000163934	0.0025	nan	0.00559441	0.134444	0.00985519	0.00454301	0.00111607	0.000513875	0.000513875	0.0284766	0.010989	0.0670026	0.0670026	0.0248984	0.0539773	0.00228185	0.0384615	0.135338	0	0.0384615	0.0384615	0.0896359	0.0510204	0.0306122	0.150311
0.47619	0.0692308	nan	0.0892532	nan	0.128903	0.00928793	0.126984	1	0.0047619	0.0415606	0.0025	nan	0.0420168	0.0025	0.0655738	0.0355787	0.0680556	0.00248447	0.00248447	0.00017313	0.0137931	nan	0.112979	0.092296	nan	0.0374332	0.0526316	0.0047619	nan	0.0571429	0.0571429	0.0157895	0.0878049	0.0421053	0.0398026
0.00206612	0.032967	nan	0.0324074	0.147368	0.0527276	0.3	0.135338	0.0047619	1	0.01566	0.00226757	nan	0.0175439	0.0025	0.0196866	0.00338983	0.217391	0.0534569	0.0534569	0.0436467	0.00543478	0.00210084	0.00210084	0.000762777	0.0257732	0.092437	0.0198864	1	0.0900735	0.0217391	0.0217391	0.00621118	0.0275438	0.128788	0.0178571
0.0175	0.000693963	nan	0.0360963	0.0620662	0.147465	0.0753074	0.000163934	0.0415606	0.01566	1	0.0196866	nan	0.0897783	0.0223133	0.482548	0.389401	0.0730798	0.165451	0.165451	0.200524	0.0453599	0.241109	0.241109	0.25803	0.0381679	0.269376	0.00159795	0.01566	0.127604	0.00159795	0.00159795	0.0519251	0.241163	0.123322	0.142857
0.00226757	0.0375	nan	0.0422778	0.0368421	0.00338983	0.00833333	0.0025	0.0025	0.00226757	0.0196866	1	nan	0.0226244	0.0025	0.0678988	0.00119474	0.010582	0.0499852	0.0499852	0.0398026	0.656814	0.00210084	0.00210084	0.000762777	0.0292398	0.0374332	0.025	0.00226757	0.00833333	0.0272109	0.0272109	0.0075188	0.0418118	0.125	0.02
nan	nan	nan	nan	nan	nan	nan	nan	nan	nan	nan	nan	nan	nan	nan	nan	nan	nan	nan	nan	nan	nan	nan	nan	nan	nan	nan	nan	nan	nan	nan	nan	nan	nan	nan	nan
0.0198413	0.109375	nan	0.0332005	0.258511	0.0377857	0.0769231	0.00559441	0.0420168	0.0175439	0.0897783	0.0226244	nan	1	0.0226244	0.000160256	0.370286	0	0.059952	0.059952	0.0857143	0	0.261818	0.261818	0.281004	0.0309179	0.10124	0.00153061	0.0175439	0.133472	0	0	0.00653595	0.00952381	0.0221612	0.0115976
0.0025	0.0210938	nan	0.144144	0.0102747	0.0720878	0.00928793	0.134444	0.0025	0.0025	0.0223133	0.0025	nan	0.0226244	1	0.0223133	0.10559	0.0117647	0.027	0.027	0.037594	0.00727273	0.112979	0.112979	0.092296	0.0271084	0.0374332	0.0283401	0.0025	0.00952381	0.0307692	0.0307692	0.00833333	0.363	0.0225564	0.157895
0.0678988	0.0373463	nan	0.184747	0.0821684	0.142664	0.0753074	0.00985519	0.0655738	0.0196866	0.482548	0.0678988	nan	0.000160256	0.0223133	1	0.371883	0.00763359	0.0290516	0.0290516	0.0490731	0.0105696	0.157233	0.0667891	0.0833	0.0872975	0.0984848	0.0705478	0.0196866	0.280333	0.0705478	0.0705478	0.0660081	0.0490731	0.043984	0.0221612
0.00224495	0.00658602	nan	0.0904018	0.0222727	0.0126046	0.114695	0.00454301	0.0355787	0.00338983	0.389401	0.00119474	nan	0.370286	0.10559	0.371883	1	0.0853066	0.00101695	0.00101695	0.0127551	0.00986133	0.509338	0.509338	0.456522	0.21253	0.460115	0.0529661	0.00338983	0.0014881	0.0529661	0.0529661	0.0706215	0.187444	0.0152542	0.199234
0.215909	0.0451389	nan	0.0557485	0.276316	0.112601	0.0220588	0.00111607	0.0680556	0.217391	0.0730798	0.010582	nan	0	0.0117647	0.00763359	0.0853066	1	0.481967	0.481967	0.420529	0.00625	0.00709034	0.00709034	0.0443841	0.0859107	0.0025974	0.0921053	0.217391	0.00625	0.1	0.1	0.0285714	0.00104712	0.0624355	0.000578704
0.051797	0.0119446	nan	0.0169082	0.0807498	2.37976e-05	0.16	0.000513875	0.00248447	0.0534569	0.165451	0.0499852	nan	0.059952	0.027	0.0290516	0.00101695	0.481967	1	1	0.877676	0.153689	0.333467	0.304322	0.362944	0.0220661	0.161666	0.00186877	0.0534569	0.0689655	0	0	0.0382514	0.0126169	0.212095	0.00931677
0.051797	0.0119446	nan	0.0169082	0.0807498	2.37976e-05	0.16	0.000513875	0.00248447	0.0534569	0.165451	0.0499852	nan	0.059952	0.027	0.0290516	0.00101695	0.481967	1	1	0.877676	0.153689	0.333467	0.304322	0.362944	0.0220661	0.161666	0.00186877	0.0534569	0.0689655	0	0	0.0382514	0.0126169	0.212095	0.00931677
0.0418118	0.0077097	nan	0.00414973	0.0340842	0.000111508	0.12605	0.0284766	0.00017313	0.0436467	0.200524	0.0398026	nan	0.0857143	0.037594	0.0490731	0.0127551	0.420529	0.877676	0.877676	1	0.125931	0.208999	0.159434	0.234883	0.0039968	0.137364	0.000929152	0.0436467	0.0216346	0.00572917	0.00572917	0.0242424	0.0250255	0.329268	0.000657895
0.00596125	0.00066313	nan	0.0346025	0.0267943	0.019025	0.0242424	0.010989	0.0137931	0.00543478	0.0453599	0.656814	nan	0	0.00727273	0.0105696	0.00986133	0.00625	0.153689	0.153689	0.125931	1	0.0061739	0.0061739	0.00222965	0.0169166	0.0707071	0.00182963	0.00543478	0.000339674	0.00390625	0.00390625	0.0178571	0.110602	0.162729	0.000359195
nan	0.079438	nan	0.378203	0.0277859	0.005253	0.184906	0.0670026	nan	0.00210084	0.241109	0.00210084	nan	0.261818	0.112979	0.157233	0.509338	0.00709034	0.333467	0.333467	0.208999	0.0061739	1	1	1	0.524856	0.693164	0.304322	0.00210084	0.0571429	0.304322	0.304322	0.193365	0.128185	0.0174531	0.323787
0.112979	0.0279002	nan	0.258092	0.0208333	0.000898473	0.184906	0.0670026	0.112979	0.00210084	0.241109	0.00210084	nan	0.261818	0.112979	0.0667891	0.509338	0.00709034	0.304322	0.304322	0.159434	0.0061739	1	1	1	0.720526	0.693164	0.304322	0.00210084	0.00932836	0.304322	0.304322	0.193365	0.231618	0.0174531	0.487954
0.092296	0.0398551	nan	0.258373	0.0277859	0.000182927	0.142361	0.0248984	0.092296	0.000762777	0.25803	0.000762777	nan	0.281004	0.092296	0.0833	0.456522	0.0443841	0.362944	0.362944	0.234883	0.00222965	1	1	1	0.524856	0.701299	0.218028	0.000762777	0.0571429	0.218028	0.218028	0.150327	0.158586	0.00621118	0.38101
nan	0.0385542	nan	0.484442	0.00910747	0.139277	0.265562	0.0539773	nan	0.0257732	0.0381679	0.0292398	nan	0.0309179	0.0271084	0.0872975	0.21253	0.0859107	0.0220661	0.0220661	0.0039968	0.0169166	0.524856	0.720526	0.524856	1	0.507246	0.744845	0.0257732	0.010074	0.744845	0.744845	0.278351	0.0445361	0.0329897	0.174269
0.0374332	0.146518	nan	0.118563	0.00688776	0.00228185	0.00036075	0.00228185	0.0374332	0.092437	0.269376	0.0374332	nan	0.10124	0.0374332	0.0984848	0.460115	0.0025974	0.161666	0.161666	0.137364	0.0707071	0.693164	0.693164	0.701299	0.507246	1	0.404959	0.092437	0.02	0.404959	0.404959	0.127273	0.275945	0.0231911	0.227273
0.0222222	0.210938	nan	0.222426	0.000180148	0.129032	0.077785	0.0384615	0.0526316	0.0198864	0.00159795	0.025	nan	0.00153061	0.0283401	0.0705478	0.0529661	0.0921053	0.00186877	0.00186877	0.000929152	0.00182963	0.304322	0.304322	0.218028	0.744845	0.404959	1	0.0198864	0.0685877	1	1	0.342857	0.00321027	0.00140056	0.05
0.00206612	0.032967	nan	0.0324074	0.147368	0.0527276	0.3	0.135338	0.0047619	1	0.01566	0.00226757	nan	0.0175439	0.0025	0.0196866	0.00338983	0.217391	0.0534569	0.0534569	0.0436467	0.00543478	0.00210084	0.00210084	0.000762777	0.0257732	0.092437	0.0198864	1	0.0900735	0.0217391	0.0217391	0.00621118	0.0275438	0.128788	0.0178571
nan	0.0204082	nan	0.00520833	0.0990637	0.180723	0.00496032	0	nan	0.0900735	0.127604	0.00833333	nan	0.133472	0.00952381	0.280333	0.0014881	0.00625	0.0689655	0.0689655	0.0216346	0.000339674	0.0571429	0.00932836	0.0571429	0.010074	0.02	0.0685877	0.0900735	1	0.0685877	0.0685877	0.00625	0.0216346	0.0976562	0.0169279
0.0242424	0.144402	nan	0.229291	0.00177126	0.1315	0.0576923	0.0384615	0.0571429	0.0217391	0.00159795	0.0272109	nan	0	0.0307692	0.0705478	0.0529661	0.1	0	0	0.00572917	0.00390625	0.304322	0.304322	0.218028	0.744845	0.404959	1	0.0217391	0.0685877	1	1	0.285714	0.0104712	0.00140056	0.0301339
0.0242424	0.144402	nan	0.229291	0.00177126	0.1315	0.0576923	0.0384615	0.0571429	0.0217391	0.00159795	0.0272109	nan	0	0.0307692	0.0705478	0.0529661	0.1	0	0	0.00572917	0.00390625	0.304322	0.304322	0.218028	0.744845	0.404959	1	0.0217391	0.0685877	1	1	0.285714	0.0104712	0.00140056	0.0301339
0.00681818	0.22807	nan	0.0350877	0.122807	0.015124	0.0493827	0.0896359	0.0157895	0.00621118	0.0519251	0.0075188	nan	0.00653595	0.00833333	0.0660081	0.0706215	0.0285714	0.0382514	0.0382514	0.0242424	0.0178571	0.193365	0.193365	0.150327	0.278351	0.127273	0.342857	0.00621118	0.00625	0.285714	0.285714	1	0.126402	0.00408497	0.421053
0.0367722	0.0338884	nan	0	0.0994737	0.137676	0.00986842	0.0510204	0.0878049	0.0275438	0.241163	0.0418118	nan	0.00952381	0.363	0.0490731	0.187444	0.00104712	0.0126169	0.0126169	0.0250255	0.110602	0.128185	0.231618	0.158586	0.0445361	0.275945	0.00321027	0.0275438	0.0216346	0.0104712	0.0104712	0.126402	1	0.0372329	0.488889
0.0178571	0.150521	nan	0.00147059	0.00078064	0.0403226	0.411765	0.0306122	0.0421053	0.128788	0.123322	0.125	nan	0.0221612	0.0225564	0.043984	0.0152542	0.0624355	0.212095	0.212095	0.329268	0.162729	0.0174531	0.0174531	0.00621118	0.0329897	0.0231911	0.00140056	0.128788	0.0976562	0.00140056	0.00140056	0.00408497	0.0372329	1	0.0277778
0.126984	0.131836	nan	0.0124902	0.136612	0.0375	0.000933707	0.150311	0.0398026	0.0178571	0.142857	0.02	nan	0.0115976	0.157895	0.0221612	0.199234	0.000578704	0.00931677	0.00931677	0.000657895	0.000359195	0.323787	0.487954	0.38101	0.174269	0.227273	0.05	0.0178571	0.0169279	0.0301339	0.0301339	0.421053	0.488889	0.0277778	1
